E=1.3985738500049870e-11
y=0.00070426901124664325
C=9.9999998014148250e-01

E=4.7650431827268105e-19
C=9.9999999999999933e-01
